1766751127151 0.47483 0
1766751129643 0.55143 1
1766751130444 0.4526 2
1766751131285 0.65291 3
1766751132084 0.5068 4
1766751133009 0.56483 5
1766751134957 0.69574 6
1766751135728 0.52027 7
1766751136497 0.54751 8
1766751137266 0.53044 9
1766751138079 0.55238 10
1766751138858 0.55134 11
1766751139735 0.50462 12
1766751140478 0.55394 13
1766751141229 0.53984 14
1766751141989 0.55072 15
1766751142677 0.6273 16
1766751143461 0.56398 17
1766751144266 0.56024 18
1766751145117 0.66158 19
1766751145961 0.48476 20
1766751146857 0.63648 21
1766751147583 0.57501 22
1766751148278 0.4745 23
1766751149049 0.58214 24
1766751149761 0.48801 25
1766751150834 0.52428 26
1766751151534 0.58567 27
1766751152351 0.53899 28
1766751153052 0.54884 29
1766751153797 0.46639 30
1766751154509 0.43326 31
1766751155316 0.55133 32
1766751156077 0.4333 33
1766751156840 0.49341 34
1766751157739 0.47609 35
1766751158507 0.45252 36
1766751159334 0.48001 37
1766751160209 0.47084 38
1766751160910 0.44477 39
1766751164195 0.33057 40
1766751165231 0.35027 41
1766751166037 0.29997 42
1766751166791 0.33228 43
1766751167545 0.28741 44
1766751168210 0.30169 45
1766751169000 0.28375 46
1766751169750 0.26694 47
1766751170606 0.31339 48
1766751171446 0.24913 49
