1766751127151 3.1128 0
1766751129643 3.32463 1
1766751130444 2.91527 2
1766751131285 2.54494 3
1766751132084 2.04587 4
1766751133009 1.80936 5
1766751134957 1.62907 6
1766751135728 1.37261 7
1766751136497 1.2664 8
1766751137266 1.13844 9
1766751138079 1.31757 10
1766751138858 1.33644 11
1766751139735 1.20723 12
1766751140478 1.18665 13
1766751141229 1.50126 14
1766751141989 1.87586 15
1766751142677 1.41341 16
1766751143461 1.42532 17
1766751144266 1.25539 18
1766751145117 1.35942 19
1766751145961 1.1414 20
1766751146857 1.34699 21
1766751147583 1.3407 22
1766751148278 1.17166 23
1766751149049 1.33172 24
1766751149761 1.11559 25
1766751150834 1.23857 26
1766751151534 1.10596 27
1766751152351 1.0862 28
1766751153052 1.14264 29
1766751153797 1.05423 30
1766751154509 1.06892 31
1766751155316 1.03652 32
1766751156077 1.00447 33
1766751156840 1.06784 34
1766751157739 1.16963 35
1766751158507 1.10133 36
1766751159334 1.00555 37
1766751160209 1.04178 38
1766751160910 0.92608 39
1766751164195 1.23251 40
1766751165231 1.25377 41
1766751166037 1.22822 42
1766751166791 1.24782 43
1766751167545 1.17348 44
1766751168210 1.19137 45
1766751169000 1.17239 46
1766751169750 1.18808 47
1766751170606 1.21411 48
1766751171446 1.15422 49
