1766751127151 0.96266 0
1766751129643 0.95367 1
1766751130444 0.89961 2
1766751131285 1.00134 3
1766751132084 1.00497 4
1766751133009 0.98546 5
1766751134957 1.09369 6
1766751135728 0.90932 7
1766751136497 0.91171 8
1766751137266 0.91778 9
1766751138079 0.9701 10
1766751138858 0.9383 11
1766751139735 0.90414 12
1766751140478 0.96878 13
1766751141229 0.92013 14
1766751141989 0.98033 15
1766751142677 0.96812 16
1766751143461 0.98373 17
1766751144266 0.95285 18
1766751145117 1.03704 19
1766751145961 0.91811 20
1766751146857 1.05809 21
1766751147583 1.00012 22
1766751148278 0.88584 23
1766751149049 0.98057 24
1766751149761 0.87831 25
1766751150834 0.93984 26
1766751151534 1.00402 27
1766751152351 0.93941 28
1766751153052 0.98526 29
1766751153797 0.96914 30
1766751154509 0.91546 31
1766751155316 0.96325 32
1766751156077 0.92646 33
1766751156840 0.91352 34
1766751157739 0.89297 35
1766751158507 0.91536 36
1766751159334 0.9531 37
1766751160209 0.96906 38
1766751160910 0.87971 39
1766751164195 0.7931 40
1766751165231 0.86252 41
1766751166037 0.827 42
1766751166791 0.80492 43
1766751167545 0.7797 44
1766751168210 0.79603 45
1766751169000 0.78872 46
1766751169750 0.74859 47
1766751170606 0.82912 48
1766751171446 0.78504 49
