1766750096972 0.47483 0
1766750098455 0.55143 1
1766750098772 0.4526 2
1766750099081 0.65291 3
1766750099528 0.5068 4
1766750099820 0.56483 5
1766750100124 0.69574 6
1766750100418 0.52027 7
1766750100704 0.54751 8
1766750100992 0.53044 9
1766750101285 0.55238 10
1766750101578 0.55134 11
1766750101868 0.50462 12
1766750102160 0.55394 13
1766750102450 0.53984 14
1766750102734 0.55072 15
1766750103025 0.6273 16
1766750103320 0.56398 17
1766750103600 0.56024 18
1766750103985 0.66158 19
1766750104275 0.48476 20
1766750104552 0.63648 21
1766750104844 0.57501 22
1766750105124 0.4745 23
1766750105415 0.58214 24
1766750105694 0.48801 25
1766750105981 0.52428 26
1766750106261 0.58567 27
1766750106548 0.53899 28
1766750106826 0.54884 29
1766750107117 0.46639 30
1766750107402 0.43326 31
1766750107695 0.55133 32
1766750108082 0.4333 33
1766750108372 0.49341 34
1766750108666 0.47609 35
1766750108960 0.45252 36
1766750109252 0.48001 37
1766750109557 0.47084 38
1766750109844 0.44477 39
1766750111030 0.33057 40
1766750111513 0.35027 41
1766750111831 0.29997 42
1766750112134 0.33228 43
1766750112447 0.28741 44
1766750112741 0.30169 45
1766750113216 0.28375 46
1766750113524 0.26694 47
1766750113865 0.31339 48
1766750114173 0.24913 49
