1766750096972 3.1128 0
1766750098455 3.32463 1
1766750098772 2.91527 2
1766750099081 2.54494 3
1766750099528 2.04587 4
1766750099820 1.80936 5
1766750100124 1.62907 6
1766750100418 1.37261 7
1766750100704 1.2664 8
1766750100992 1.13844 9
1766750101285 1.31757 10
1766750101578 1.33644 11
1766750101868 1.20723 12
1766750102160 1.18665 13
1766750102450 1.50126 14
1766750102734 1.87586 15
1766750103025 1.41341 16
1766750103320 1.42532 17
1766750103600 1.25539 18
1766750103985 1.35942 19
1766750104275 1.1414 20
1766750104552 1.34699 21
1766750104844 1.3407 22
1766750105124 1.17166 23
1766750105415 1.33172 24
1766750105694 1.11559 25
1766750105981 1.23857 26
1766750106261 1.10596 27
1766750106548 1.0862 28
1766750106826 1.14264 29
1766750107117 1.05423 30
1766750107402 1.06892 31
1766750107695 1.03652 32
1766750108082 1.00447 33
1766750108372 1.06784 34
1766750108666 1.16963 35
1766750108960 1.10133 36
1766750109252 1.00555 37
1766750109557 1.04178 38
1766750109844 0.92608 39
1766750111030 1.23251 40
1766750111513 1.25377 41
1766750111831 1.22822 42
1766750112134 1.24782 43
1766750112447 1.17348 44
1766750112741 1.19137 45
1766750113216 1.17239 46
1766750113524 1.18808 47
1766750113865 1.21411 48
1766750114173 1.15422 49
