1766750096972 0.96266 0
1766750098455 0.95367 1
1766750098772 0.89961 2
1766750099081 1.00134 3
1766750099528 1.00497 4
1766750099820 0.98546 5
1766750100124 1.09369 6
1766750100418 0.90932 7
1766750100704 0.91171 8
1766750100992 0.91778 9
1766750101285 0.9701 10
1766750101578 0.9383 11
1766750101868 0.90414 12
1766750102160 0.96878 13
1766750102450 0.92013 14
1766750102734 0.98033 15
1766750103025 0.96812 16
1766750103320 0.98373 17
1766750103600 0.95285 18
1766750103985 1.03704 19
1766750104275 0.91811 20
1766750104552 1.05809 21
1766750104844 1.00012 22
1766750105124 0.88584 23
1766750105415 0.98057 24
1766750105694 0.87831 25
1766750105981 0.93984 26
1766750106261 1.00402 27
1766750106548 0.93941 28
1766750106826 0.98526 29
1766750107117 0.96914 30
1766750107402 0.91546 31
1766750107695 0.96325 32
1766750108082 0.92646 33
1766750108372 0.91352 34
1766750108666 0.89297 35
1766750108960 0.91536 36
1766750109252 0.9531 37
1766750109557 0.96906 38
1766750109844 0.87971 39
1766750111030 0.7931 40
1766750111513 0.86252 41
1766750111831 0.827 42
1766750112134 0.80492 43
1766750112447 0.7797 44
1766750112741 0.79603 45
1766750113216 0.78872 46
1766750113524 0.74859 47
1766750113865 0.82912 48
1766750114173 0.78504 49
