1766751129078 0.12962 0
1766751130061 0.49277 1
1766751130845 0.73302 2
1766751131719 0.90929 3
1766751132527 0.88107 4
1766751134563 0.93338 5
1766751135351 0.98167 6
1766751136134 0.94357 7
1766751136909 0.955 8
1766751137685 0.91208 9
1766751138467 0.83544 10
1766751139292 0.8848 11
1766751140125 0.891 12
1766751140875 0.60694 13
1766751141624 0.92786 14
1766751142401 0.92786 15
1766751143106 0.995 16
1766751143840 0.995 17
1766751144645 0.995 18
1766751145494 0.995 19
1766751146534 0.86505 20
1766751147239 0.86505 21
1766751147954 0.92071 22
1766751148688 0.92071 23
1766751149450 0.995 24
1766751150477 0.995 25
1766751151208 0.995 26
1766751151951 0.995 27
1766751152729 0.995 28
1766751153430 0.995 29
1766751154167 0.995 30
1766751154908 0.995 31
1766751155715 0.995 32
1766751156452 0.995 33
1766751157412 0.995 34
1766751158120 0.995 35
1766751158889 0.995 36
1766751159839 0.995 37
1766751160577 0.995 38
1766751161307 0.995 39
1766751164728 0.995 40
1766751165648 0.995 41
1766751166460 0.995 42
1766751167196 0.995 43
1766751167950 0.995 44
1766751168633 0.995 45
1766751169431 0.995 46
1766751170159 0.995 47
1766751170989 0.995 48
1766751172229 0.995 49
1766751179211 0.995 49
