1766751129078 0.09584 0
1766751130061 0.51862 1
1766751130845 0.64274 2
1766751131719 0.73914 3
1766751132527 0.78128 4
1766751134563 0.81982 5
1766751135351 0.82223 6
1766751136134 0.74057 7
1766751136909 0.7802 8
1766751137685 0.79834 9
1766751138467 0.71237 10
1766751139292 0.72904 11
1766751140125 0.78593 12
1766751140875 0.58673 13
1766751141624 0.83865 14
1766751142401 0.83865 15
1766751143106 0.92744 16
1766751143840 0.84612 17
1766751144645 0.84612 18
1766751145494 0.86909 19
1766751146534 0.71574 20
1766751147239 0.71574 21
1766751147954 0.79252 22
1766751148688 0.79252 23
1766751149450 0.84153 24
1766751150477 0.84153 25
1766751151208 0.83626 26
1766751151951 0.83626 27
1766751152729 0.85821 28
1766751153430 0.85821 29
1766751154167 0.89453 30
1766751154908 0.89453 31
1766751155715 0.91168 32
1766751156452 0.91168 33
1766751157412 0.91155 34
1766751158120 0.91155 35
1766751158889 0.93492 36
1766751159839 0.93492 37
1766751160577 0.93311 38
1766751161307 0.93311 39
1766751164728 0.92795 40
1766751165648 0.92795 41
1766751166460 0.93779 42
1766751167196 0.93779 43
1766751167950 0.93779 44
1766751168633 0.93779 45
1766751169431 0.93779 46
1766751170159 0.93779 47
1766751170989 0.93671 48
1766751172229 0.93671 49
1766751179211 0.9459140555555555 49
