1766751129078 0.00333 0
1766751130061 0.00333 1
1766751130845 0.00333 2
1766751131719 0.00333 3
1766751132527 0.00333 4
1766751134563 0.00333 5
1766751135351 0.00819 6
1766751136134 0.00333 7
1766751136909 0.00333 8
1766751137685 0.0079 9
1766751138467 1.0 10
1766751139292 1.0 11
1766751140125 1.0 12
1766751140875 0.95334 13
1766751141624 1.0 14
1766751142401 1.0 15
1766751143106 1.0 16
1766751143840 1.0 17
1766751144645 1.0 18
1766751145494 0.98215 19
1766751146534 0.72627 20
1766751147239 0.72627 21
1766751147954 1.0 22
1766751148688 1.0 23
1766751149450 0.98524 24
1766751150477 0.98524 25
1766751151208 0.97989 26
1766751151951 0.97989 27
1766751152729 0.97662 28
1766751153430 0.97662 29
1766751154167 0.98036 30
1766751154908 0.98036 31
1766751155715 0.97823 32
1766751156452 0.97823 33
1766751157412 0.94095 34
1766751158120 0.94095 35
1766751158889 0.98406 36
1766751159839 0.98406 37
1766751160577 1.0 38
1766751161307 1.0 39
1766751164728 1.0 40
1766751165648 1.0 41
1766751166460 1.0 42
1766751167196 1.0 43
1766751167950 1.0 44
1766751168633 1.0 45
1766751169431 0.98266 46
1766751170159 0.98266 47
1766751170989 0.98032 48
1766751172229 0.98032 49
1766751179211 0.9826736515013123 49
