1766751129078 1.0 0
1766751130061 1.0 1
1766751130845 1.0 2
1766751131719 1.0 3
1766751132527 1.0 4
1766751134563 1.0 5
1766751135351 1.0 6
1766751136134 1.0 7
1766751136909 1.0 8
1766751137685 1.0 9
1766751138467 0.50948 10
1766751139292 0.28111 11
1766751140125 0.34627 12
1766751140875 0.5 13
1766751141624 0.34965 14
1766751142401 0.34965 15
1766751143106 0.49401 16
1766751143840 0.84631 17
1766751144645 0.84631 18
1766751145494 1.0 19
1766751146534 0.875 20
1766751147239 0.875 21
1766751147954 0.83249 22
1766751148688 0.83249 23
1766751149450 1.0 24
1766751150477 1.0 25
1766751151208 1.0 26
1766751151951 1.0 27
1766751152729 1.0 28
1766751153430 1.0 29
1766751154167 1.0 30
1766751154908 1.0 31
1766751155715 1.0 32
1766751156452 1.0 33
1766751157412 1.0 34
1766751158120 1.0 35
1766751158889 1.0 36
1766751159839 1.0 37
1766751160577 0.9995 38
1766751161307 0.9995 39
1766751164728 0.99049 40
1766751165648 0.99049 41
1766751166460 0.98783 42
1766751167196 0.98783 43
1766751167950 0.99211 44
1766751168633 0.99211 45
1766751169431 1.0 46
1766751170159 1.0 47
1766751170989 1.0 48
1766751172229 1.0 49
1766751179211 1.0 49
