1766750096972 6.000000000000001e-05 0
1766750098455 0.000137228 1
1766750098772 0.000211288 2
1766750099081 0.00028218 3
1766750099528 0.000349904 4
1766750099820 0.00041446 5
1766750100124 0.00047584799999999996 6
1766750100418 0.0005340680000000001 7
1766750100704 0.00058912 8
1766750100992 0.0006410040000000001 9
1766750101285 0.0006897200000000001 10
1766750101578 0.0007352680000000001 11
1766750101868 0.000777648 12
1766750102160 0.0008168600000000001 13
1766750102450 0.000852904 14
1766750102734 0.00088578 15
1766750103025 0.0009154879999999999 16
1766750103320 0.0009420279999999998 17
1766750103600 0.0009654000000000002 18
1766750103985 0.000985604 19
1766750104275 0.0010026400000000002 20
1766750104552 0.0010165080000000002 21
1766750104844 0.0010272080000000002 22
1766750105124 0.0010347400000000001 23
1766750105415 0.0010391040000000001 24
1766750105694 0.00101 25
1766750105981 0.0009704 26
1766750106261 0.0009308 27
1766750106548 0.0008911999999999999 28
1766750106826 0.0008516000000000001 29
1766750107117 0.0008120000000000001 30
1766750107402 0.0007724 31
1766750107695 0.0007328 32
1766750108082 0.0006931999999999999 33
1766750108372 0.0006536 34
1766750108666 0.0006140000000000001 35
1766750108960 0.0005744000000000001 36
1766750109252 0.0005348000000000001 37
1766750109557 0.0004952 38
1766750109844 0.00045559999999999996 39
1766750111030 0.0004159999999999999 40
1766750111513 0.00037640000000000015 41
1766750111831 0.0003368000000000001 42
1766750112134 0.0002972 43
1766750112447 0.00025760000000000003 44
1766750112741 0.00021799999999999996 45
1766750113216 0.00017839999999999992 46
1766750113524 0.0001388000000000001 47
1766750113865 9.920000000000008e-05 48
1766750114173 5.9600000000000046e-05 49
