1766752090420 6.000000000000001e-05 0
1766752092600 0.000137228 1
1766752093449 0.000211288 2
1766752094283 0.00028218 3
1766752095036 0.000349904 4
1766752095935 0.00041446 5
1766752096847 0.00047584799999999996 6
1766752097519 0.0005340680000000001 7
1766752098211 0.00058912 8
1766752099042 0.0006410040000000001 9
1766752099701 0.0006897200000000001 10
1766752100506 0.0007352680000000001 11
1766752101441 0.000777648 12
1766752102132 0.0008168600000000001 13
1766752102820 0.000852904 14
1766752103466 0.00088578 15
1766752104522 0.0009154879999999999 16
1766752105228 0.0009420279999999998 17
1766752105909 0.0009654000000000002 18
1766752106713 0.000985604 19
1766752107410 0.0010026400000000002 20
1766752108131 0.0010165080000000002 21
1766752108738 0.0010272080000000002 22
1766752109586 0.0010347400000000001 23
1766752110308 0.0010391040000000001 24
1766752111141 0.00101 25
1766752111834 0.0009704 26
1766752112616 0.0009308 27
1766752113124 0.0008911999999999999 28
1766752113807 0.0008516000000000001 29
1766752114927 0.0008120000000000001 30
1766752115533 0.0007724 31
1766752116246 0.0007328 32
1766752117012 0.0006931999999999999 33
1766752117551 0.0006536 34
1766752118219 0.0006140000000000001 35
1766752118926 0.0005744000000000001 36
1766752119694 0.0005348000000000001 37
1766752120409 0.0004952 38
1766752121071 0.00045559999999999996 39
1766752123796 0.0004159999999999999 40
1766752124635 0.00037640000000000015 41
1766752125385 0.0003368000000000001 42
1766752126049 0.0002972 43
1766752126862 0.00025760000000000003 44
1766752127833 0.00021799999999999996 45
1766752128721 0.00017839999999999992 46
1766752129399 0.0001388000000000001 47
1766752130092 9.920000000000008e-05 48
1766752130763 5.9600000000000046e-05 49
