1766752354393 0.12962 0
1766752355663 0.49277 1
1766752357150 0.73302 2
1766752357888 0.90929 3
1766752358645 0.88107 4
1766752359351 0.93338 5
1766752360094 0.98167 6
1766752360817 0.94357 7
1766752361545 0.955 8
1766752362258 0.91208 9
1766752362965 0.83544 10
1766752363671 0.8848 11
1766752364330 0.891 12
1766752365032 0.60694 13
1766752365711 0.92786 14
1766752366392 0.92786 15
1766752367324 0.995 16
1766752368024 0.995 17
1766752369324 0.995 18
1766752370462 0.995 19
1766752371157 0.86505 20
1766752371835 0.86505 21
1766752372780 0.92071 22
1766752373508 0.92071 23
1766752374362 0.995 24
1766752375160 0.995 25
1766752375926 0.995 26
1766752376511 0.995 27
1766752377307 0.995 28
1766752378163 0.995 29
1766752378746 0.995 30
1766752379595 0.995 31
1766752380438 0.995 32
1766752381403 0.995 33
1766752382390 0.995 34
1766752383122 0.995 35
1766752383852 0.995 36
1766752384546 0.995 37
1766752385228 0.995 38
1766752385788 0.995 39
1766752388900 0.995 40
1766752389707 0.995 41
1766752390585 0.995 42
1766752391281 0.995 43
1766752392005 0.995 44
1766752393232 0.995 45
1766752393920 0.995 46
1766752394663 0.995 47
1766752395356 0.995 48
1766752396063 0.995 49
1766752398236 0.995 49
