1766752354393 0.09584 0
1766752355663 0.51862 1
1766752357150 0.64274 2
1766752357888 0.73914 3
1766752358645 0.78128 4
1766752359351 0.81982 5
1766752360094 0.82223 6
1766752360817 0.74057 7
1766752361545 0.7802 8
1766752362258 0.79834 9
1766752362965 0.71237 10
1766752363671 0.72904 11
1766752364330 0.78593 12
1766752365032 0.58673 13
1766752365711 0.83865 14
1766752366392 0.83865 15
1766752367324 0.92744 16
1766752368024 0.84612 17
1766752369324 0.84612 18
1766752370462 0.86909 19
1766752371157 0.71574 20
1766752371835 0.71574 21
1766752372780 0.79252 22
1766752373508 0.79252 23
1766752374362 0.84153 24
1766752375160 0.84153 25
1766752375926 0.83626 26
1766752376511 0.83626 27
1766752377307 0.85821 28
1766752378163 0.85821 29
1766752378746 0.89453 30
1766752379595 0.89453 31
1766752380438 0.91168 32
1766752381403 0.91168 33
1766752382390 0.91155 34
1766752383122 0.91155 35
1766752383852 0.93492 36
1766752384546 0.93492 37
1766752385228 0.93311 38
1766752385788 0.93311 39
1766752388900 0.92795 40
1766752389707 0.92795 41
1766752390585 0.93779 42
1766752391281 0.93779 43
1766752392005 0.93779 44
1766752393232 0.93779 45
1766752393920 0.93779 46
1766752394663 0.93779 47
1766752395356 0.93671 48
1766752396063 0.93671 49
1766752398236 0.9459140555555555 49
