1766752354393 0.00333 0
1766752355663 0.00333 1
1766752357150 0.00333 2
1766752357888 0.00333 3
1766752358645 0.00333 4
1766752359351 0.00333 5
1766752360094 0.00819 6
1766752360817 0.00333 7
1766752361545 0.00333 8
1766752362258 0.0079 9
1766752362965 1.0 10
1766752363671 1.0 11
1766752364330 1.0 12
1766752365032 0.95334 13
1766752365711 1.0 14
1766752366392 1.0 15
1766752367324 1.0 16
1766752368024 1.0 17
1766752369324 1.0 18
1766752370462 0.98215 19
1766752371157 0.72627 20
1766752371835 0.72627 21
1766752372780 1.0 22
1766752373508 1.0 23
1766752374362 0.98524 24
1766752375160 0.98524 25
1766752375926 0.97989 26
1766752376511 0.97989 27
1766752377307 0.97662 28
1766752378163 0.97662 29
1766752378746 0.98036 30
1766752379595 0.98036 31
1766752380438 0.97823 32
1766752381403 0.97823 33
1766752382390 0.94095 34
1766752383122 0.94095 35
1766752383852 0.98406 36
1766752384546 0.98406 37
1766752385228 1.0 38
1766752385788 1.0 39
1766752388900 1.0 40
1766752389707 1.0 41
1766752390585 1.0 42
1766752391281 1.0 43
1766752392005 1.0 44
1766752393232 1.0 45
1766752393920 0.98266 46
1766752394663 0.98266 47
1766752395356 0.98032 48
1766752396063 0.98032 49
1766752398236 0.9826736515013123 49
