1766752354393 1.0 0
1766752355663 1.0 1
1766752357150 1.0 2
1766752357888 1.0 3
1766752358645 1.0 4
1766752359351 1.0 5
1766752360094 1.0 6
1766752360817 1.0 7
1766752361545 1.0 8
1766752362258 1.0 9
1766752362965 0.50948 10
1766752363671 0.28111 11
1766752364330 0.34627 12
1766752365032 0.5 13
1766752365711 0.34965 14
1766752366392 0.34965 15
1766752367324 0.49401 16
1766752368024 0.84631 17
1766752369324 0.84631 18
1766752370462 1.0 19
1766752371157 0.875 20
1766752371835 0.875 21
1766752372780 0.83249 22
1766752373508 0.83249 23
1766752374362 1.0 24
1766752375160 1.0 25
1766752375926 1.0 26
1766752376511 1.0 27
1766752377307 1.0 28
1766752378163 1.0 29
1766752378746 1.0 30
1766752379595 1.0 31
1766752380438 1.0 32
1766752381403 1.0 33
1766752382390 1.0 34
1766752383122 1.0 35
1766752383852 1.0 36
1766752384546 1.0 37
1766752385228 0.9995 38
1766752385788 0.9995 39
1766752388900 0.99049 40
1766752389707 0.99049 41
1766752390585 0.98783 42
1766752391281 0.98783 43
1766752392005 0.99211 44
1766752393232 0.99211 45
1766752393920 1.0 46
1766752394663 1.0 47
1766752395356 1.0 48
1766752396063 1.0 49
1766752398236 1.0 49
