1766695973185 0.20674 0
1766695973458 0.07894 1
1766695973788 0.29239 2
1766695974074 0.35514 3
1766695974362 0.82539 4
1766695974656 0.93929 5
1766695974942 0.83574 6
1766695975227 0.84241 7
1766695975507 0.87098 8
1766695975786 0.81354 9
1766695976066 0.79626 10
1766695976345 0.78774 11
1766695976625 0.75347 12
1766695976907 0.77597 13
1766695977188 0.68818 14
1766695977472 0.68649 15
1766695977751 0.72121 16
1766695978037 0.7404 17
1766695978315 0.78497 18
1766695978593 0.69845 19
1766695978872 0.75581 20
1766695979154 0.82888 21
1766695979438 0.79412 22
1766695979716 0.77346 23
1766695979997 0.88244 24
1766695980280 0.91656 25
1766695980561 0.9037 26
1766695980832 0.9037 27
1766695981115 0.91744 28
1766695981396 0.85229 29
1766695981671 0.85229 30
1766695981952 0.84494 31
1766695982233 0.81553 32
1766695982507 0.81553 33
1766695982790 0.82444 34
1766695983072 0.83168 35
1766695983344 0.83168 36
1766695983635 0.85249 37
1766695983927 0.90012 38
1766695984199 0.90012 39
1766695985860 0.92771 40
1766695986363 0.91545 41
1766695986641 0.91545 42
1766695986922 0.88907 43
1766695987194 0.88907 44
1766695987479 0.86834 45
1766695987751 0.86834 46
1766695988032 0.86968 47
1766695988301 0.86968 48
1766695988595 0.88833 49
1766695990002 0.9392890555555555 49
