1766695973185 0.21295 0
1766695973458 0.09196 1
1766695973788 0.39217 2
1766695974074 0.43743 3
1766695974362 0.8204 4
1766695974656 0.995 5
1766695974942 0.92833 6
1766695975227 0.92732 7
1766695975507 0.93338 8
1766695975786 0.89886 9
1766695976066 0.921 10
1766695976345 0.91624 11
1766695976625 0.90672 12
1766695976907 0.89885 13
1766695977188 0.77521 14
1766695977472 0.75274 15
1766695977751 0.79465 16
1766695978037 0.80083 17
1766695978315 0.85266 18
1766695978593 0.80098 19
1766695978872 0.8817 20
1766695979154 0.92611 21
1766695979438 0.91468 22
1766695979716 0.84614 23
1766695979997 0.93875 24
1766695980280 0.995 25
1766695980561 0.995 26
1766695980832 0.995 27
1766695981115 0.995 28
1766695981396 0.995 29
1766695981671 0.995 30
1766695981952 0.98167 31
1766695982233 0.93975 32
1766695982507 0.93975 33
1766695982790 0.90929 34
1766695983072 0.90929 35
1766695983344 0.90929 36
1766695983635 0.93944 37
1766695983927 0.995 38
1766695984199 0.995 39
1766695985860 0.98167 40
1766695986363 0.96722 41
1766695986641 0.96722 42
1766695986922 0.95389 43
1766695987194 0.95389 44
1766695987479 0.95389 45
1766695987751 0.95389 46
1766695988032 0.95389 47
1766695988301 0.95389 48
1766695988595 0.96722 49
1766695990002 0.995 49
