1766695973185 0.00333 0
1766695973458 0.00333 1
1766695973788 0.00333 2
1766695974074 0.00333 3
1766695974362 0.00333 4
1766695974656 0.00333 5
1766695974942 0.00333 6
1766695975227 0.00333 7
1766695975507 0.00333 8
1766695975786 0.00333 9
1766695976066 0.00333 10
1766695976345 0.00333 11
1766695976625 0.00333 12
1766695976907 0.00333 13
1766695977188 0.00333 14
1766695977472 0.00333 15
1766695977751 0.00333 16
1766695978037 0.00333 17
1766695978315 0.00683 18
1766695978593 0.82628 19
1766695978872 1.0 20
1766695979154 1.0 21
1766695979438 1.0 22
1766695979716 0.95913 23
1766695979997 1.0 24
1766695980280 1.0 25
1766695980561 1.0 26
1766695980832 1.0 27
1766695981115 1.0 28
1766695981396 1.0 29
1766695981671 1.0 30
1766695981952 1.0 31
1766695982233 0.89567 32
1766695982507 0.89567 33
1766695982790 0.83569 34
1766695983072 0.80469 35
1766695983344 0.80469 36
1766695983635 0.81322 37
1766695983927 1.0 38
1766695984199 1.0 39
1766695985860 1.0 40
1766695986363 0.89298 41
1766695986641 0.89298 42
1766695986922 0.87557 43
1766695987194 0.87557 44
1766695987479 0.8833 45
1766695987751 0.8833 46
1766695988032 0.8806 47
1766695988301 0.8806 48
1766695988595 0.8814 49
1766695990002 0.0033333333333333335 49
