1766695973185 1.0 0
1766695973458 1.0 1
1766695973788 1.0 2
1766695974074 1.0 3
1766695974362 1.0 4
1766695974656 1.0 5
1766695974942 1.0 6
1766695975227 1.0 7
1766695975507 1.0 8
1766695975786 1.0 9
1766695976066 1.0 10
1766695976345 1.0 11
1766695976625 1.0 12
1766695976907 1.0 13
1766695977188 1.0 14
1766695977472 1.0 15
1766695977751 1.0 16
1766695978037 1.0 17
1766695978315 1.0 18
1766695978593 0.59856 19
1766695978872 0.56418 20
1766695979154 0.48352 21
1766695979438 0.47115 22
1766695979716 0.625 23
1766695979997 0.65529 24
1766695980280 0.66058 25
1766695980561 0.68376 26
1766695980832 0.68376 27
1766695981115 0.70247 28
1766695981396 0.78597 29
1766695981671 0.78597 30
1766695981952 0.71541 31
1766695982233 0.625 32
1766695982507 0.625 33
1766695982790 0.5 34
1766695983072 0.51759 35
1766695983344 0.51759 36
1766695983635 0.5 37
1766695983927 0.66817 38
1766695984199 0.66817 39
1766695985860 0.7088 40
1766695986363 0.75 41
1766695986641 0.75 42
1766695986922 0.88013 43
1766695987194 0.88013 44
1766695987479 1.0 45
1766695987751 1.0 46
1766695988032 1.0 47
1766695988301 1.0 48
1766695988595 1.0 49
1766695990002 1.0 49
