1766756821539 6.000000000000001e-05 0
1766756825470 0.000137228 1
1766756826313 0.000211288 2
1766756827128 0.00028218 3
1766756828061 0.000349904 4
1766756828895 0.00041446 5
1766756829922 0.00047584799999999996 6
1766756830810 0.0005340680000000001 7
1766756831695 0.00058912 8
1766756832504 0.0006410040000000001 9
1766756833574 0.0006897200000000001 10
1766756834366 0.0007352680000000001 11
1766756835149 0.000777648 12
1766756835900 0.0008168600000000001 13
1766756836616 0.000852904 14
1766756837368 0.00088578 15
1766756838085 0.0009154879999999999 16
1766756838773 0.0009420279999999998 17
1766756839570 0.0009654000000000002 18
1766756840276 0.000985604 19
1766756840983 0.0010026400000000002 20
1766756841648 0.0010165080000000002 21
1766756842558 0.0010272080000000002 22
1766756843260 0.0010347400000000001 23
1766756844029 0.0010391040000000001 24
1766756844790 0.00101 25
1766756845599 0.0009704 26
1766756846302 0.0009308 27
1766756847062 0.0008911999999999999 28
1766756847758 0.0008516000000000001 29
1766756848483 0.0008120000000000001 30
1766756849232 0.0007724 31
1766756849848 0.0007328 32
1766756850592 0.0006931999999999999 33
1766756851517 0.0006536 34
1766756852217 0.0006140000000000001 35
1766756852980 0.0005744000000000001 36
1766756853824 0.0005348000000000001 37
1766756854632 0.0004952 38
1766756855446 0.00045559999999999996 39
1766756858531 0.0004159999999999999 40
1766756859398 0.00037640000000000015 41
1766756860416 0.0003368000000000001 42
1766756861234 0.0002972 43
1766756862054 0.00025760000000000003 44
1766756862832 0.00021799999999999996 45
1766756863899 0.00017839999999999992 46
1766756864621 0.0001388000000000001 47
1766756865452 9.920000000000008e-05 48
1766756866176 5.9600000000000046e-05 49
