1766751647759 6.000000000000001e-05 0
1766751652734 0.000137228 1
1766751653546 0.000211288 2
1766751654512 0.00028218 3
1766751655369 0.000349904 4
1766751656145 0.00041446 5
1766751656908 0.00047584799999999996 6
1766751657658 0.0005340680000000001 7
1766751658398 0.00058912 8
1766751659236 0.0006410040000000001 9
1766751660271 0.0006897200000000001 10
1766751661109 0.0007352680000000001 11
1766751661823 0.000777648 12
1766751662581 0.0008168600000000001 13
1766751663290 0.000852904 14
1766751664036 0.00088578 15
1766751664819 0.0009154879999999999 16
1766751665651 0.0009420279999999998 17
1766751666374 0.0009654000000000002 18
1766751667143 0.000985604 19
1766751667923 0.0010026400000000002 20
1766751668655 0.0010165080000000002 21
1766751669420 0.0010272080000000002 22
1766751670166 0.0010347400000000001 23
1766751670932 0.0010391040000000001 24
1766751671745 0.00101 25
1766751672340 0.0009704 26
1766751673286 0.0009308 27
1766751674198 0.0008911999999999999 28
1766751674887 0.0008516000000000001 29
1766751675609 0.0008120000000000001 30
1766751676309 0.0007724 31
1766751677111 0.0007328 32
1766751677900 0.0006931999999999999 33
1766751678636 0.0006536 34
1766751679327 0.0006140000000000001 35
1766751680076 0.0005744000000000001 36
1766751680993 0.0005348000000000001 37
1766751681869 0.0004952 38
1766751682620 0.00045559999999999996 39
1766751685922 0.0004159999999999999 40
1766751686984 0.00037640000000000015 41
1766751688135 0.0003368000000000001 42
1766751688907 0.0002972 43
1766751689726 0.00025760000000000003 44
1766751690477 0.00021799999999999996 45
1766751691313 0.00017839999999999992 46
1766751692126 0.0001388000000000001 47
1766751692901 9.920000000000008e-05 48
1766751693678 5.9600000000000046e-05 49
