1766750098248 0.09584 0
1766750098585 0.51862 1
1766750098902 0.64274 2
1766750099344 0.73914 3
1766750099651 0.78128 4
1766750099945 0.81982 5
1766750100248 0.82223 6
1766750100535 0.74057 7
1766750100823 0.7802 8
1766750101115 0.79834 9
1766750101406 0.71237 10
1766750101698 0.72904 11
1766750101990 0.78593 12
1766750102281 0.58673 13
1766750102574 0.83865 14
1766750102858 0.83865 15
1766750103151 0.92744 16
1766750103440 0.84612 17
1766750103817 0.84612 18
1766750104101 0.86909 19
1766750104391 0.71574 20
1766750104671 0.71574 21
1766750104960 0.79252 22
1766750105245 0.79252 23
1766750105533 0.84153 24
1766750105812 0.84153 25
1766750106100 0.83626 26
1766750106378 0.83626 27
1766750106665 0.85821 28
1766750106944 0.85821 29
1766750107241 0.89453 30
1766750107526 0.89453 31
1766750107921 0.91168 32
1766750108201 0.91168 33
1766750108492 0.91155 34
1766750108787 0.91155 35
1766750109088 0.93492 36
1766750109381 0.93492 37
1766750109682 0.93311 38
1766750109966 0.93311 39
1766750111339 0.92795 40
1766750111654 0.92795 41
1766750111970 0.93779 42
1766750112276 0.93779 43
1766750112579 0.93779 44
1766750113036 0.93779 45
1766750113359 0.93779 46
1766750113691 0.93779 47
1766750114008 0.93671 48
1766750114325 0.93671 49
1766750115777 0.9459140555555555 49
