1766750098248 0.12962 0
1766750098585 0.49277 1
1766750098902 0.73302 2
1766750099344 0.90929 3
1766750099651 0.88107 4
1766750099945 0.93338 5
1766750100248 0.98167 6
1766750100535 0.94357 7
1766750100823 0.955 8
1766750101115 0.91208 9
1766750101406 0.83544 10
1766750101698 0.8848 11
1766750101990 0.891 12
1766750102281 0.60694 13
1766750102574 0.92786 14
1766750102858 0.92786 15
1766750103151 0.995 16
1766750103440 0.995 17
1766750103817 0.995 18
1766750104101 0.995 19
1766750104391 0.86505 20
1766750104671 0.86505 21
1766750104960 0.92071 22
1766750105245 0.92071 23
1766750105533 0.995 24
1766750105812 0.995 25
1766750106100 0.995 26
1766750106378 0.995 27
1766750106665 0.995 28
1766750106944 0.995 29
1766750107241 0.995 30
1766750107526 0.995 31
1766750107921 0.995 32
1766750108201 0.995 33
1766750108492 0.995 34
1766750108787 0.995 35
1766750109088 0.995 36
1766750109381 0.995 37
1766750109682 0.995 38
1766750109966 0.995 39
1766750111339 0.995 40
1766750111654 0.995 41
1766750111970 0.995 42
1766750112276 0.995 43
1766750112579 0.995 44
1766750113036 0.995 45
1766750113359 0.995 46
1766750113691 0.995 47
1766750114008 0.995 48
1766750114325 0.995 49
1766750115777 0.995 49
