1766750098248 0.00333 0
1766750098585 0.00333 1
1766750098902 0.00333 2
1766750099344 0.00333 3
1766750099651 0.00333 4
1766750099945 0.00333 5
1766750100248 0.00819 6
1766750100535 0.00333 7
1766750100823 0.00333 8
1766750101115 0.0079 9
1766750101406 1.0 10
1766750101698 1.0 11
1766750101990 1.0 12
1766750102281 0.95334 13
1766750102574 1.0 14
1766750102858 1.0 15
1766750103151 1.0 16
1766750103440 1.0 17
1766750103817 1.0 18
1766750104101 0.98215 19
1766750104391 0.72627 20
1766750104671 0.72627 21
1766750104960 1.0 22
1766750105245 1.0 23
1766750105533 0.98524 24
1766750105812 0.98524 25
1766750106100 0.97989 26
1766750106378 0.97989 27
1766750106665 0.97662 28
1766750106944 0.97662 29
1766750107241 0.98036 30
1766750107526 0.98036 31
1766750107921 0.97823 32
1766750108201 0.97823 33
1766750108492 0.94095 34
1766750108787 0.94095 35
1766750109088 0.98406 36
1766750109381 0.98406 37
1766750109682 1.0 38
1766750109966 1.0 39
1766750111339 1.0 40
1766750111654 1.0 41
1766750111970 1.0 42
1766750112276 1.0 43
1766750112579 1.0 44
1766750113036 1.0 45
1766750113359 0.98266 46
1766750113691 0.98266 47
1766750114008 0.98032 48
1766750114325 0.98032 49
1766750115777 0.9826736515013123 49
