1766750098248 1.0 0
1766750098585 1.0 1
1766750098902 1.0 2
1766750099344 1.0 3
1766750099651 1.0 4
1766750099945 1.0 5
1766750100248 1.0 6
1766750100535 1.0 7
1766750100823 1.0 8
1766750101115 1.0 9
1766750101406 0.50948 10
1766750101698 0.28111 11
1766750101990 0.34627 12
1766750102281 0.5 13
1766750102574 0.34965 14
1766750102858 0.34965 15
1766750103151 0.49401 16
1766750103440 0.84631 17
1766750103817 0.84631 18
1766750104101 1.0 19
1766750104391 0.875 20
1766750104671 0.875 21
1766750104960 0.83249 22
1766750105245 0.83249 23
1766750105533 1.0 24
1766750105812 1.0 25
1766750106100 1.0 26
1766750106378 1.0 27
1766750106665 1.0 28
1766750106944 1.0 29
1766750107241 1.0 30
1766750107526 1.0 31
1766750107921 1.0 32
1766750108201 1.0 33
1766750108492 1.0 34
1766750108787 1.0 35
1766750109088 1.0 36
1766750109381 1.0 37
1766750109682 0.9995 38
1766750109966 0.9995 39
1766750111339 0.99049 40
1766750111654 0.99049 41
1766750111970 0.98783 42
1766750112276 0.98783 43
1766750112579 0.99211 44
1766750113036 0.99211 45
1766750113359 1.0 46
1766750113691 1.0 47
1766750114008 1.0 48
1766750114325 1.0 49
1766750115777 1.0 49
