1766751652247 0.12962 0
1766751653130 0.49277 1
1766751654020 0.73302 2
1766751654940 0.90929 3
1766751655768 0.88107 4
1766751656491 0.93338 5
1766751657300 0.98167 6
1766751657993 0.94357 7
1766751658803 0.955 8
1766751659923 0.91208 9
1766751660672 0.83544 10
1766751661481 0.8848 11
1766751662204 0.891 12
1766751662948 0.60694 13
1766751663737 0.92786 14
1766751664416 0.92786 15
1766751665260 0.995 16
1766751665922 0.995 17
1766751666780 0.995 18
1766751667557 0.995 19
1766751668339 0.86505 20
1766751669035 0.86505 21
1766751669849 0.92071 22
1766751670595 0.92071 23
1766751671385 0.995 24
1766751672024 0.995 25
1766751672955 0.995 26
1766751673786 0.995 27
1766751674557 0.995 28
1766751675264 0.995 29
1766751675990 0.995 30
1766751676706 0.995 31
1766751677521 0.995 32
1766751678267 0.995 33
1766751678931 0.995 34
1766751679737 0.995 35
1766751680669 0.995 36
1766751681456 0.995 37
1766751682233 0.995 38
1766751683006 0.995 39
1766751686473 0.995 40
1766751687743 0.995 41
1766751688518 0.995 42
1766751689332 0.995 43
1766751690159 0.995 44
1766751690881 0.995 45
1766751691783 0.995 46
1766751692543 0.995 47
1766751693293 0.995 48
1766751694060 0.995 49
1766751698150 0.995 49
