1766751652247 0.09584 0
1766751653130 0.51862 1
1766751654020 0.64274 2
1766751654940 0.73914 3
1766751655768 0.78128 4
1766751656491 0.81982 5
1766751657300 0.82223 6
1766751657993 0.74057 7
1766751658803 0.7802 8
1766751659923 0.79834 9
1766751660672 0.71237 10
1766751661481 0.72904 11
1766751662204 0.78593 12
1766751662948 0.58673 13
1766751663737 0.83865 14
1766751664416 0.83865 15
1766751665260 0.92744 16
1766751665922 0.84612 17
1766751666780 0.84612 18
1766751667557 0.86909 19
1766751668339 0.71574 20
1766751669035 0.71574 21
1766751669849 0.79252 22
1766751670595 0.79252 23
1766751671385 0.84153 24
1766751672024 0.84153 25
1766751672955 0.83626 26
1766751673786 0.83626 27
1766751674557 0.85821 28
1766751675264 0.85821 29
1766751675990 0.89453 30
1766751676706 0.89453 31
1766751677521 0.91168 32
1766751678267 0.91168 33
1766751678931 0.91155 34
1766751679737 0.91155 35
1766751680669 0.93492 36
1766751681456 0.93492 37
1766751682233 0.93311 38
1766751683006 0.93311 39
1766751686473 0.92795 40
1766751687743 0.92795 41
1766751688518 0.93779 42
1766751689332 0.93779 43
1766751690159 0.93779 44
1766751690881 0.93779 45
1766751691783 0.93779 46
1766751692543 0.93779 47
1766751693293 0.93671 48
1766751694060 0.93671 49
1766751698150 0.9459140555555555 49
