1766751652247 0.00333 0
1766751653130 0.00333 1
1766751654020 0.00333 2
1766751654940 0.00333 3
1766751655768 0.00333 4
1766751656491 0.00333 5
1766751657300 0.00819 6
1766751657993 0.00333 7
1766751658803 0.00333 8
1766751659923 0.0079 9
1766751660672 1.0 10
1766751661481 1.0 11
1766751662204 1.0 12
1766751662948 0.95334 13
1766751663737 1.0 14
1766751664416 1.0 15
1766751665260 1.0 16
1766751665922 1.0 17
1766751666780 1.0 18
1766751667557 0.98215 19
1766751668339 0.72627 20
1766751669035 0.72627 21
1766751669849 1.0 22
1766751670595 1.0 23
1766751671385 0.98524 24
1766751672024 0.98524 25
1766751672955 0.97989 26
1766751673786 0.97989 27
1766751674557 0.97662 28
1766751675264 0.97662 29
1766751675990 0.98036 30
1766751676706 0.98036 31
1766751677521 0.97823 32
1766751678267 0.97823 33
1766751678931 0.94095 34
1766751679737 0.94095 35
1766751680669 0.98406 36
1766751681456 0.98406 37
1766751682233 1.0 38
1766751683006 1.0 39
1766751686473 1.0 40
1766751687743 1.0 41
1766751688518 1.0 42
1766751689332 1.0 43
1766751690159 1.0 44
1766751690881 1.0 45
1766751691783 0.98266 46
1766751692543 0.98266 47
1766751693293 0.98032 48
1766751694060 0.98032 49
1766751698150 0.9826736515013123 49
