1766751652247 1.0 0
1766751653130 1.0 1
1766751654020 1.0 2
1766751654940 1.0 3
1766751655768 1.0 4
1766751656491 1.0 5
1766751657300 1.0 6
1766751657993 1.0 7
1766751658803 1.0 8
1766751659923 1.0 9
1766751660672 0.50948 10
1766751661481 0.28111 11
1766751662204 0.34627 12
1766751662948 0.5 13
1766751663737 0.34965 14
1766751664416 0.34965 15
1766751665260 0.49401 16
1766751665922 0.84631 17
1766751666780 0.84631 18
1766751667557 1.0 19
1766751668339 0.875 20
1766751669035 0.875 21
1766751669849 0.83249 22
1766751670595 0.83249 23
1766751671385 1.0 24
1766751672024 1.0 25
1766751672955 1.0 26
1766751673786 1.0 27
1766751674557 1.0 28
1766751675264 1.0 29
1766751675990 1.0 30
1766751676706 1.0 31
1766751677521 1.0 32
1766751678267 1.0 33
1766751678931 1.0 34
1766751679737 1.0 35
1766751680669 1.0 36
1766751681456 1.0 37
1766751682233 0.9995 38
1766751683006 0.9995 39
1766751686473 0.99049 40
1766751687743 0.99049 41
1766751688518 0.98783 42
1766751689332 0.98783 43
1766751690159 0.99211 44
1766751690881 0.99211 45
1766751691783 1.0 46
1766751692543 1.0 47
1766751693293 1.0 48
1766751694060 1.0 49
1766751698150 1.0 49
