1766752090420 0.47483 0
1766752092600 0.55143 1
1766752093449 0.4526 2
1766752094283 0.65291 3
1766752095036 0.5068 4
1766752095935 0.56483 5
1766752096847 0.69574 6
1766752097519 0.52027 7
1766752098211 0.54751 8
1766752099042 0.53044 9
1766752099701 0.55238 10
1766752100506 0.55134 11
1766752101441 0.50462 12
1766752102132 0.55394 13
1766752102820 0.53984 14
1766752103466 0.55072 15
1766752104522 0.6273 16
1766752105228 0.56398 17
1766752105909 0.56024 18
1766752106713 0.66158 19
1766752107410 0.48476 20
1766752108131 0.63648 21
1766752108738 0.57501 22
1766752109586 0.4745 23
1766752110308 0.58214 24
1766752111141 0.48801 25
1766752111834 0.52428 26
1766752112616 0.58567 27
1766752113124 0.53899 28
1766752113807 0.54884 29
1766752114927 0.46639 30
1766752115533 0.43326 31
1766752116246 0.55133 32
1766752117012 0.4333 33
1766752117551 0.49341 34
1766752118219 0.47609 35
1766752118926 0.45252 36
1766752119694 0.48001 37
1766752120409 0.47084 38
1766752121071 0.44477 39
1766752123796 0.33057 40
1766752124635 0.35027 41
1766752125385 0.29997 42
1766752126049 0.33228 43
1766752126862 0.28741 44
1766752127833 0.30169 45
1766752128721 0.28375 46
1766752129399 0.26694 47
1766752130092 0.31339 48
1766752130763 0.24913 49
