1766752090420 3.1128 0
1766752092600 3.32463 1
1766752093449 2.91527 2
1766752094283 2.54494 3
1766752095036 2.04587 4
1766752095935 1.80936 5
1766752096847 1.62907 6
1766752097519 1.37261 7
1766752098211 1.2664 8
1766752099042 1.13844 9
1766752099701 1.31757 10
1766752100506 1.33644 11
1766752101441 1.20723 12
1766752102132 1.18665 13
1766752102820 1.50126 14
1766752103466 1.87586 15
1766752104522 1.41341 16
1766752105228 1.42532 17
1766752105909 1.25539 18
1766752106713 1.35942 19
1766752107410 1.1414 20
1766752108131 1.34699 21
1766752108738 1.3407 22
1766752109586 1.17166 23
1766752110308 1.33172 24
1766752111141 1.11559 25
1766752111834 1.23857 26
1766752112616 1.10596 27
1766752113124 1.0862 28
1766752113807 1.14264 29
1766752114927 1.05423 30
1766752115533 1.06892 31
1766752116246 1.03652 32
1766752117012 1.00447 33
1766752117551 1.06784 34
1766752118219 1.16963 35
1766752118926 1.10133 36
1766752119694 1.00555 37
1766752120409 1.04178 38
1766752121071 0.92608 39
1766752123796 1.23251 40
1766752124635 1.25377 41
1766752125385 1.22822 42
1766752126049 1.24782 43
1766752126862 1.17348 44
1766752127833 1.19137 45
1766752128721 1.17239 46
1766752129399 1.18808 47
1766752130092 1.21411 48
1766752130763 1.15422 49
