1766752090420 0.96266 0
1766752092600 0.95367 1
1766752093449 0.89961 2
1766752094283 1.00134 3
1766752095036 1.00497 4
1766752095935 0.98546 5
1766752096847 1.09369 6
1766752097519 0.90932 7
1766752098211 0.91171 8
1766752099042 0.91778 9
1766752099701 0.9701 10
1766752100506 0.9383 11
1766752101441 0.90414 12
1766752102132 0.96878 13
1766752102820 0.92013 14
1766752103466 0.98033 15
1766752104522 0.96812 16
1766752105228 0.98373 17
1766752105909 0.95285 18
1766752106713 1.03704 19
1766752107410 0.91811 20
1766752108131 1.05809 21
1766752108738 1.00012 22
1766752109586 0.88584 23
1766752110308 0.98057 24
1766752111141 0.87831 25
1766752111834 0.93984 26
1766752112616 1.00402 27
1766752113124 0.93941 28
1766752113807 0.98526 29
1766752114927 0.96914 30
1766752115533 0.91546 31
1766752116246 0.96325 32
1766752117012 0.92646 33
1766752117551 0.91352 34
1766752118219 0.89297 35
1766752118926 0.91536 36
1766752119694 0.9531 37
1766752120409 0.96906 38
1766752121071 0.87971 39
1766752123796 0.7931 40
1766752124635 0.86252 41
1766752125385 0.827 42
1766752126049 0.80492 43
1766752126862 0.7797 44
1766752127833 0.79603 45
1766752128721 0.78872 46
1766752129399 0.74859 47
1766752130092 0.82912 48
1766752130763 0.78504 49
