1766695971969 2e-05 0
1766695973380 5.8812000000000005e-05 1
1766695973667 9.604e-05 2
1766695973956 0.000131684 3
1766695974245 0.000165744 4
1766695974535 0.00019822 5
1766695974829 0.00022911199999999998 6
1766695975115 0.00025842000000000004 7
1766695975393 0.000286144 8
1766695975672 0.0003122840000000001 9
1766695975950 0.00033684000000000003 10
1766695976231 0.00035981200000000004 11
1766695976510 0.0003812 12
1766695976790 0.00040100400000000005 13
1766695977072 0.000419224 14
1766695977353 0.00043586 15
1766695977636 0.00045091199999999993 16
1766695977917 0.0004643799999999999 17
1766695978203 0.00047626400000000006 18
1766695978480 0.00048656400000000004 19
1766695978758 0.0004952800000000001 20
1766695979037 0.000502412 21
1766695979320 0.00050796 22
1766695979603 0.0005119240000000001 23
1766695979882 0.000514304 24
1766695980163 0.0005151 25
1766695980445 0.000514312 26
1766695980717 0.00051194 27
1766695980997 0.000507984 28
1766695981281 0.0005024440000000001 29
1766695981553 0.0004953200000000002 30
1766695981837 0.00048661200000000004 31
1766695982119 0.00047632 32
1766695982390 0.00046444399999999995 33
1766695982672 0.000450984 34
1766695982956 0.00043594000000000006 35
1766695983228 0.0004193120000000001 36
1766695983508 0.0004011000000000001 37
1766695983802 0.000381304 38
1766695984084 0.00035992399999999996 39
1766695985549 0.0003369599999999999 40
1766695986131 0.00031241200000000014 41
1766695986522 0.0002862800000000001 42
1766695986806 0.000258564 43
1766695987078 0.00022926400000000005 44
1766695987360 0.00019837999999999995 45
1766695987635 0.0001659119999999999 46
1766695987916 0.00013186000000000008 47
1766695988188 9.622400000000009e-05 48
1766695988468 5.900400000000004e-05 49
