1766756824991 0.12962 0
1766756825920 0.49277 1
1766756826736 0.73302 2
1766756827583 0.90929 3
1766756828510 0.88107 4
1766756829435 0.93338 5
1766756830326 0.98167 6
1766756831307 0.94357 7
1766756832101 0.955 8
1766756833059 0.91208 9
1766756833948 0.83544 10
1766756834808 0.8848 11
1766756835537 0.891 12
1766756836265 0.60694 13
1766756837009 0.92786 14
1766756837766 0.92786 15
1766756838444 0.995 16
1766756839220 0.995 17
1766756839943 0.995 18
1766756840653 0.995 19
1766756841353 0.86505 20
1766756842209 0.86505 21
1766756842936 0.92071 22
1766756843667 0.92071 23
1766756844431 0.995 24
1766756845171 0.995 25
1766756845982 0.995 26
1766756846698 0.995 27
1766756847436 0.995 28
1766756848122 0.995 29
1766756848876 0.995 30
1766756849524 0.995 31
1766756850234 0.995 32
1766756851159 0.995 33
1766756851880 0.995 34
1766756852608 0.995 35
1766756853479 0.995 36
1766756854219 0.995 37
1766756855032 0.995 38
1766756855795 0.995 39
1766756859037 0.995 40
1766756860064 0.995 41
1766756860884 0.995 42
1766756861673 0.995 43
1766756862487 0.995 44
1766756863518 0.995 45
1766756864292 0.995 46
1766756865060 0.995 47
1766756865837 0.995 48
1766756866597 0.995 49
1766756871390 0.995 49
