1766756824991 0.09584 0
1766756825920 0.51862 1
1766756826736 0.64274 2
1766756827583 0.73914 3
1766756828510 0.78128 4
1766756829435 0.81982 5
1766756830326 0.82223 6
1766756831307 0.74057 7
1766756832101 0.7802 8
1766756833059 0.79834 9
1766756833948 0.71237 10
1766756834808 0.72904 11
1766756835537 0.78593 12
1766756836265 0.58673 13
1766756837009 0.83865 14
1766756837766 0.83865 15
1766756838444 0.92744 16
1766756839220 0.84612 17
1766756839943 0.84612 18
1766756840653 0.86909 19
1766756841353 0.71574 20
1766756842209 0.71574 21
1766756842936 0.79252 22
1766756843667 0.79252 23
1766756844431 0.84153 24
1766756845171 0.84153 25
1766756845982 0.83626 26
1766756846698 0.83626 27
1766756847436 0.85821 28
1766756848122 0.85821 29
1766756848876 0.89453 30
1766756849524 0.89453 31
1766756850234 0.91168 32
1766756851159 0.91168 33
1766756851880 0.91155 34
1766756852608 0.91155 35
1766756853479 0.93492 36
1766756854219 0.93492 37
1766756855032 0.93311 38
1766756855795 0.93311 39
1766756859037 0.92795 40
1766756860064 0.92795 41
1766756860884 0.93779 42
1766756861673 0.93779 43
1766756862487 0.93779 44
1766756863518 0.93779 45
1766756864292 0.93779 46
1766756865060 0.93779 47
1766756865837 0.93671 48
1766756866597 0.93671 49
1766756871390 0.9459140555555555 49
