1766756824991 0.00333 0
1766756825920 0.00333 1
1766756826736 0.00333 2
1766756827583 0.00333 3
1766756828510 0.00333 4
1766756829435 0.00333 5
1766756830326 0.00819 6
1766756831307 0.00333 7
1766756832101 0.00333 8
1766756833059 0.0079 9
1766756833948 1.0 10
1766756834808 1.0 11
1766756835537 1.0 12
1766756836265 0.95334 13
1766756837009 1.0 14
1766756837766 1.0 15
1766756838444 1.0 16
1766756839220 1.0 17
1766756839943 1.0 18
1766756840653 0.98215 19
1766756841353 0.72627 20
1766756842209 0.72627 21
1766756842936 1.0 22
1766756843667 1.0 23
1766756844431 0.98524 24
1766756845171 0.98524 25
1766756845982 0.97989 26
1766756846698 0.97989 27
1766756847436 0.97662 28
1766756848122 0.97662 29
1766756848876 0.98036 30
1766756849524 0.98036 31
1766756850234 0.97823 32
1766756851159 0.97823 33
1766756851880 0.94095 34
1766756852608 0.94095 35
1766756853479 0.98406 36
1766756854219 0.98406 37
1766756855032 1.0 38
1766756855795 1.0 39
1766756859037 1.0 40
1766756860064 1.0 41
1766756860884 1.0 42
1766756861673 1.0 43
1766756862487 1.0 44
1766756863518 1.0 45
1766756864292 0.98266 46
1766756865060 0.98266 47
1766756865837 0.98032 48
1766756866597 0.98032 49
1766756871390 0.9826736515013123 49
