1766756824991 1.0 0
1766756825920 1.0 1
1766756826736 1.0 2
1766756827583 1.0 3
1766756828510 1.0 4
1766756829435 1.0 5
1766756830326 1.0 6
1766756831307 1.0 7
1766756832101 1.0 8
1766756833059 1.0 9
1766756833948 0.50948 10
1766756834808 0.28111 11
1766756835537 0.34627 12
1766756836265 0.5 13
1766756837009 0.34965 14
1766756837766 0.34965 15
1766756838444 0.49401 16
1766756839220 0.84631 17
1766756839943 0.84631 18
1766756840653 1.0 19
1766756841353 0.875 20
1766756842209 0.875 21
1766756842936 0.83249 22
1766756843667 0.83249 23
1766756844431 1.0 24
1766756845171 1.0 25
1766756845982 1.0 26
1766756846698 1.0 27
1766756847436 1.0 28
1766756848122 1.0 29
1766756848876 1.0 30
1766756849524 1.0 31
1766756850234 1.0 32
1766756851159 1.0 33
1766756851880 1.0 34
1766756852608 1.0 35
1766756853479 1.0 36
1766756854219 1.0 37
1766756855032 0.9995 38
1766756855795 0.9995 39
1766756859037 0.99049 40
1766756860064 0.99049 41
1766756860884 0.98783 42
1766756861673 0.98783 43
1766756862487 0.99211 44
1766756863518 0.99211 45
1766756864292 1.0 46
1766756865060 1.0 47
1766756865837 1.0 48
1766756866597 1.0 49
1766756871390 1.0 49
