1766695971969 0.48662 0
1766695973380 0.53698 1
1766695973667 0.45704 2
1766695973956 0.42905 3
1766695974245 0.47585 4
1766695974535 0.44159 5
1766695974829 0.43822 6
1766695975115 0.48734 7
1766695975393 0.46199 8
1766695975672 0.52989 9
1766695975950 0.53884 10
1766695976231 0.53531 11
1766695976510 0.48235 12
1766695976790 0.45441 13
1766695977072 0.49726 14
1766695977353 0.55436 15
1766695977636 0.4481 16
1766695977917 0.46475 17
1766695978203 0.46045 18
1766695978480 0.45938 19
1766695978758 0.43359 20
1766695979037 0.51927 21
1766695979320 0.45504 22
1766695979603 0.44981 23
1766695979882 0.4699 24
1766695980163 0.43919 25
1766695980445 0.4563 26
1766695980717 0.49541 27
1766695980997 0.47161 28
1766695981281 0.44734 29
1766695981553 0.41333 30
1766695981837 0.38961 31
1766695982119 0.44179 32
1766695982390 0.41409 33
1766695982672 0.40661 34
1766695982956 0.38901 35
1766695983228 0.4226 36
1766695983508 0.46786 37
1766695983802 0.39857 38
1766695984084 0.35357 39
1766695985549 0.28028 40
1766695986131 0.29078 41
1766695986522 0.29985 42
1766695986806 0.28895 43
1766695987078 0.25802 44
1766695987360 0.30203 45
1766695987635 0.25131 46
1766695987916 0.2827 47
1766695988188 0.26363 48
1766695988468 0.29247 49
