1766695971969 3.17042 0
1766695973380 3.24452 1
1766695973667 3.23762 2
1766695973956 2.98728 3
1766695974245 2.91037 4
1766695974535 2.47686 5
1766695974829 2.25264 6
1766695975115 1.93637 7
1766695975393 1.63734 8
1766695975672 1.55358 9
1766695975950 1.35851 10
1766695976231 1.32395 11
1766695976510 1.29066 12
1766695976790 1.1796 13
1766695977072 1.27463 14
1766695977353 1.27343 15
1766695977636 1.04597 16
1766695977917 1.05159 17
1766695978203 1.17256 18
1766695978480 1.15353 19
1766695978758 1.05838 20
1766695979037 1.20098 21
1766695979320 1.21646 22
1766695979603 1.10445 23
1766695979882 1.18284 24
1766695980163 1.10965 25
1766695980445 1.04994 26
1766695980717 0.98968 27
1766695980997 1.17212 28
1766695981281 0.98588 29
1766695981553 1.00564 30
1766695981837 0.97189 31
1766695982119 0.88128 32
1766695982390 0.99063 33
1766695982672 1.00615 34
1766695982956 0.98505 35
1766695983228 0.98167 36
1766695983508 1.04796 37
1766695983802 0.89996 38
1766695984084 0.89335 39
1766695985549 1.18162 40
1766695986131 1.16816 41
1766695986522 1.22559 42
1766695986806 1.18118 43
1766695987078 1.18668 44
1766695987360 1.23177 45
1766695987635 1.1863 46
1766695987916 1.2319 47
1766695988188 1.33464 48
1766695988468 1.22878 49
