1766695971969 0.98435 0
1766695973380 1.02871 1
1766695973667 0.91846 2
1766695973956 0.9781 3
1766695974245 0.99468 4
1766695974535 0.91787 5
1766695974829 0.886 6
1766695975115 0.93796 7
1766695975393 0.89594 8
1766695975672 0.92948 9
1766695975950 0.96593 10
1766695976231 0.97339 11
1766695976510 0.93555 12
1766695976790 0.90004 13
1766695977072 0.97749 14
1766695977353 0.98515 15
1766695977636 0.89654 16
1766695977917 0.90535 17
1766695978203 0.9102 18
1766695978480 0.91682 19
1766695978758 0.91682 20
1766695979037 1.01372 21
1766695979320 0.92518 22
1766695979603 0.91093 23
1766695979882 0.9116 24
1766695980163 0.93982 25
1766695980445 0.94406 26
1766695980717 0.97767 27
1766695980997 0.93802 28
1766695981281 0.85514 29
1766695981553 0.88744 30
1766695981837 0.85316 31
1766695982119 0.8957 32
1766695982390 0.86984 33
1766695982672 0.91426 34
1766695982956 0.92294 35
1766695983228 0.91499 36
1766695983508 0.92529 37
1766695983802 0.88187 38
1766695984084 0.84095 39
1766695985549 0.80965 40
1766695986131 0.78739 41
1766695986522 0.78163 42
1766695986806 0.79324 43
1766695987078 0.80637 44
1766695987360 0.83036 45
1766695987635 0.75367 46
1766695987916 0.83526 47
1766695988188 0.8379 48
1766695988468 0.83767 49
