1766752353331 0.47483 0
1766752355264 0.55143 1
1766752356017 0.4526 2
1766752357497 0.65291 3
1766752358270 0.5068 4
1766752358972 0.56483 5
1766752359711 0.69574 6
1766752360445 0.52027 7
1766752361143 0.54751 8
1766752361898 0.53044 9
1766752362590 0.55238 10
1766752363306 0.55134 11
1766752364002 0.50462 12
1766752364666 0.55394 13
1766752365363 0.53984 14
1766752366009 0.55072 15
1766752366717 0.6273 16
1766752367659 0.56398 17
1766752368493 0.56024 18
1766752369887 0.66158 19
1766752370868 0.48476 20
1766752371468 0.63648 21
1766752372189 0.57501 22
1766752373142 0.4745 23
1766752373834 0.58214 24
1766752374933 0.48801 25
1766752375445 0.52428 26
1766752376278 0.58567 27
1766752376944 0.53899 28
1766752377632 0.54884 29
1766752378516 0.46639 30
1766752379038 0.43326 31
1766752380027 0.55133 32
1766752380843 0.4333 33
1766752381816 0.49341 34
1766752382753 0.47609 35
1766752383466 0.45252 36
1766752384157 0.48001 37
1766752384884 0.47084 38
1766752385555 0.44477 39
1766752388323 0.33057 40
1766752389285 0.35027 41
1766752390106 0.29997 42
1766752390881 0.33228 43
1766752391689 0.28741 44
1766752392521 0.30169 45
1766752393538 0.28375 46
1766752394241 0.26694 47
1766752394984 0.31339 48
1766752395719 0.24913 49
