1766752353331 3.1128 0
1766752355264 3.32463 1
1766752356017 2.91527 2
1766752357497 2.54494 3
1766752358270 2.04587 4
1766752358972 1.80936 5
1766752359711 1.62907 6
1766752360445 1.37261 7
1766752361143 1.2664 8
1766752361898 1.13844 9
1766752362590 1.31757 10
1766752363306 1.33644 11
1766752364002 1.20723 12
1766752364666 1.18665 13
1766752365363 1.50126 14
1766752366009 1.87586 15
1766752366717 1.41341 16
1766752367659 1.42532 17
1766752368493 1.25539 18
1766752369887 1.35942 19
1766752370868 1.1414 20
1766752371468 1.34699 21
1766752372189 1.3407 22
1766752373142 1.17166 23
1766752373834 1.33172 24
1766752374933 1.11559 25
1766752375445 1.23857 26
1766752376278 1.10596 27
1766752376944 1.0862 28
1766752377632 1.14264 29
1766752378516 1.05423 30
1766752379038 1.06892 31
1766752380027 1.03652 32
1766752380843 1.00447 33
1766752381816 1.06784 34
1766752382753 1.16963 35
1766752383466 1.10133 36
1766752384157 1.00555 37
1766752384884 1.04178 38
1766752385555 0.92608 39
1766752388323 1.23251 40
1766752389285 1.25377 41
1766752390106 1.22822 42
1766752390881 1.24782 43
1766752391689 1.17348 44
1766752392521 1.19137 45
1766752393538 1.17239 46
1766752394241 1.18808 47
1766752394984 1.21411 48
1766752395719 1.15422 49
