1766752353331 0.96266 0
1766752355264 0.95367 1
1766752356017 0.89961 2
1766752357497 1.00134 3
1766752358270 1.00497 4
1766752358972 0.98546 5
1766752359711 1.09369 6
1766752360445 0.90932 7
1766752361143 0.91171 8
1766752361898 0.91778 9
1766752362590 0.9701 10
1766752363306 0.9383 11
1766752364002 0.90414 12
1766752364666 0.96878 13
1766752365363 0.92013 14
1766752366009 0.98033 15
1766752366717 0.96812 16
1766752367659 0.98373 17
1766752368493 0.95285 18
1766752369887 1.03704 19
1766752370868 0.91811 20
1766752371468 1.05809 21
1766752372189 1.00012 22
1766752373142 0.88584 23
1766752373834 0.98057 24
1766752374933 0.87831 25
1766752375445 0.93984 26
1766752376278 1.00402 27
1766752376944 0.93941 28
1766752377632 0.98526 29
1766752378516 0.96914 30
1766752379038 0.91546 31
1766752380027 0.96325 32
1766752380843 0.92646 33
1766752381816 0.91352 34
1766752382753 0.89297 35
1766752383466 0.91536 36
1766752384157 0.9531 37
1766752384884 0.96906 38
1766752385555 0.87971 39
1766752388323 0.7931 40
1766752389285 0.86252 41
1766752390106 0.827 42
1766752390881 0.80492 43
1766752391689 0.7797 44
1766752392521 0.79603 45
1766752393538 0.78872 46
1766752394241 0.74859 47
1766752394984 0.82912 48
1766752395719 0.78504 49
