1766751127151 6.000000000000001e-05 0
1766751129643 0.000137228 1
1766751130444 0.000211288 2
1766751131285 0.00028218 3
1766751132084 0.000349904 4
1766751133009 0.00041446 5
1766751134957 0.00047584799999999996 6
1766751135728 0.0005340680000000001 7
1766751136497 0.00058912 8
1766751137266 0.0006410040000000001 9
1766751138079 0.0006897200000000001 10
1766751138858 0.0007352680000000001 11
1766751139735 0.000777648 12
1766751140478 0.0008168600000000001 13
1766751141229 0.000852904 14
1766751141989 0.00088578 15
1766751142677 0.0009154879999999999 16
1766751143461 0.0009420279999999998 17
1766751144266 0.0009654000000000002 18
1766751145117 0.000985604 19
1766751145961 0.0010026400000000002 20
1766751146857 0.0010165080000000002 21
1766751147583 0.0010272080000000002 22
1766751148278 0.0010347400000000001 23
1766751149049 0.0010391040000000001 24
1766751149761 0.00101 25
1766751150834 0.0009704 26
1766751151534 0.0009308 27
1766751152351 0.0008911999999999999 28
1766751153052 0.0008516000000000001 29
1766751153797 0.0008120000000000001 30
1766751154509 0.0007724 31
1766751155316 0.0007328 32
1766751156077 0.0006931999999999999 33
1766751156840 0.0006536 34
1766751157739 0.0006140000000000001 35
1766751158507 0.0005744000000000001 36
1766751159334 0.0005348000000000001 37
1766751160209 0.0004952 38
1766751160910 0.00045559999999999996 39
1766751164195 0.0004159999999999999 40
1766751165231 0.00037640000000000015 41
1766751166037 0.0003368000000000001 42
1766751166791 0.0002972 43
1766751167545 0.00025760000000000003 44
1766751168210 0.00021799999999999996 45
1766751169000 0.00017839999999999992 46
1766751169750 0.0001388000000000001 47
1766751170606 9.920000000000008e-05 48
1766751171446 5.9600000000000046e-05 49
