1766752092157 0.12962 0
1766752092997 0.49277 1
1766752093915 0.73302 2
1766752094679 0.90929 3
1766752095598 0.88107 4
1766752096312 0.93338 5
1766752097115 0.98167 6
1766752097887 0.94357 7
1766752098609 0.955 8
1766752099410 0.91208 9
1766752100173 0.83544 10
1766752101036 0.8848 11
1766752101796 0.891 12
1766752102493 0.60694 13
1766752103182 0.92786 14
1766752104030 0.92786 15
1766752104914 0.995 16
1766752105579 0.995 17
1766752106383 0.995 18
1766752107069 0.995 19
1766752107833 0.86505 20
1766752108439 0.86505 21
1766752109273 0.92071 22
1766752109966 0.92071 23
1766752110804 0.995 24
1766752111503 0.995 25
1766752112168 0.995 26
1766752112846 0.995 27
1766752113497 0.995 28
1766752114431 0.995 29
1766752115291 0.995 30
1766752115914 0.995 31
1766752116703 0.995 32
1766752117239 0.995 33
1766752117915 0.995 34
1766752118596 0.995 35
1766752119399 0.995 36
1766752120078 0.995 37
1766752120767 0.995 38
1766752121441 0.995 39
1766752124285 0.995 40
1766752125098 0.995 41
1766752125751 0.995 42
1766752126443 0.995 43
1766752127527 0.995 44
1766752128292 0.995 45
1766752129099 0.995 46
1766752129779 0.995 47
1766752130463 0.995 48
1766752131146 0.995 49
1766752134207 0.995 49
