1766752092157 0.09584 0
1766752092997 0.51862 1
1766752093915 0.64274 2
1766752094679 0.73914 3
1766752095598 0.78128 4
1766752096312 0.81982 5
1766752097115 0.82223 6
1766752097887 0.74057 7
1766752098609 0.7802 8
1766752099410 0.79834 9
1766752100173 0.71237 10
1766752101036 0.72904 11
1766752101796 0.78593 12
1766752102493 0.58673 13
1766752103182 0.83865 14
1766752104030 0.83865 15
1766752104914 0.92744 16
1766752105579 0.84612 17
1766752106383 0.84612 18
1766752107069 0.86909 19
1766752107833 0.71574 20
1766752108439 0.71574 21
1766752109273 0.79252 22
1766752109966 0.79252 23
1766752110804 0.84153 24
1766752111503 0.84153 25
1766752112168 0.83626 26
1766752112846 0.83626 27
1766752113497 0.85821 28
1766752114431 0.85821 29
1766752115291 0.89453 30
1766752115914 0.89453 31
1766752116703 0.91168 32
1766752117239 0.91168 33
1766752117915 0.91155 34
1766752118596 0.91155 35
1766752119399 0.93492 36
1766752120078 0.93492 37
1766752120767 0.93311 38
1766752121441 0.93311 39
1766752124285 0.92795 40
1766752125098 0.92795 41
1766752125751 0.93779 42
1766752126443 0.93779 43
1766752127527 0.93779 44
1766752128292 0.93779 45
1766752129099 0.93779 46
1766752129779 0.93779 47
1766752130463 0.93671 48
1766752131146 0.93671 49
1766752134207 0.9459140555555555 49
