1766752092157 0.00333 0
1766752092997 0.00333 1
1766752093915 0.00333 2
1766752094679 0.00333 3
1766752095598 0.00333 4
1766752096312 0.00333 5
1766752097115 0.00819 6
1766752097887 0.00333 7
1766752098609 0.00333 8
1766752099410 0.0079 9
1766752100173 1.0 10
1766752101036 1.0 11
1766752101796 1.0 12
1766752102493 0.95334 13
1766752103182 1.0 14
1766752104030 1.0 15
1766752104914 1.0 16
1766752105579 1.0 17
1766752106383 1.0 18
1766752107069 0.98215 19
1766752107833 0.72627 20
1766752108439 0.72627 21
1766752109273 1.0 22
1766752109966 1.0 23
1766752110804 0.98524 24
1766752111503 0.98524 25
1766752112168 0.97989 26
1766752112846 0.97989 27
1766752113497 0.97662 28
1766752114431 0.97662 29
1766752115291 0.98036 30
1766752115914 0.98036 31
1766752116703 0.97823 32
1766752117239 0.97823 33
1766752117915 0.94095 34
1766752118596 0.94095 35
1766752119399 0.98406 36
1766752120078 0.98406 37
1766752120767 1.0 38
1766752121441 1.0 39
1766752124285 1.0 40
1766752125098 1.0 41
1766752125751 1.0 42
1766752126443 1.0 43
1766752127527 1.0 44
1766752128292 1.0 45
1766752129099 0.98266 46
1766752129779 0.98266 47
1766752130463 0.98032 48
1766752131146 0.98032 49
1766752134207 0.9826736515013123 49
