1766752092157 1.0 0
1766752092997 1.0 1
1766752093915 1.0 2
1766752094679 1.0 3
1766752095598 1.0 4
1766752096312 1.0 5
1766752097115 1.0 6
1766752097887 1.0 7
1766752098609 1.0 8
1766752099410 1.0 9
1766752100173 0.50948 10
1766752101036 0.28111 11
1766752101796 0.34627 12
1766752102493 0.5 13
1766752103182 0.34965 14
1766752104030 0.34965 15
1766752104914 0.49401 16
1766752105579 0.84631 17
1766752106383 0.84631 18
1766752107069 1.0 19
1766752107833 0.875 20
1766752108439 0.875 21
1766752109273 0.83249 22
1766752109966 0.83249 23
1766752110804 1.0 24
1766752111503 1.0 25
1766752112168 1.0 26
1766752112846 1.0 27
1766752113497 1.0 28
1766752114431 1.0 29
1766752115291 1.0 30
1766752115914 1.0 31
1766752116703 1.0 32
1766752117239 1.0 33
1766752117915 1.0 34
1766752118596 1.0 35
1766752119399 1.0 36
1766752120078 1.0 37
1766752120767 0.9995 38
1766752121441 0.9995 39
1766752124285 0.99049 40
1766752125098 0.99049 41
1766752125751 0.98783 42
1766752126443 0.98783 43
1766752127527 0.99211 44
1766752128292 0.99211 45
1766752129099 1.0 46
1766752129779 1.0 47
1766752130463 1.0 48
1766752131146 1.0 49
1766752134207 1.0 49
