1766751647759 0.47483 0
1766751652734 0.55143 1
1766751653546 0.4526 2
1766751654512 0.65291 3
1766751655369 0.5068 4
1766751656145 0.56483 5
1766751656908 0.69574 6
1766751657658 0.52027 7
1766751658398 0.54751 8
1766751659236 0.53044 9
1766751660271 0.55238 10
1766751661109 0.55134 11
1766751661823 0.50462 12
1766751662581 0.55394 13
1766751663290 0.53984 14
1766751664036 0.55072 15
1766751664819 0.6273 16
1766751665651 0.56398 17
1766751666374 0.56024 18
1766751667143 0.66158 19
1766751667923 0.48476 20
1766751668655 0.63648 21
1766751669420 0.57501 22
1766751670166 0.4745 23
1766751670932 0.58214 24
1766751671745 0.48801 25
1766751672340 0.52428 26
1766751673286 0.58567 27
1766751674198 0.53899 28
1766751674887 0.54884 29
1766751675609 0.46639 30
1766751676309 0.43326 31
1766751677111 0.55133 32
1766751677900 0.4333 33
1766751678636 0.49341 34
1766751679327 0.47609 35
1766751680076 0.45252 36
1766751680993 0.48001 37
1766751681869 0.47084 38
1766751682620 0.44477 39
1766751685922 0.33057 40
1766751686984 0.35027 41
1766751688135 0.29997 42
1766751688907 0.33228 43
1766751689726 0.28741 44
1766751690477 0.30169 45
1766751691313 0.28375 46
1766751692126 0.26694 47
1766751692901 0.31339 48
1766751693678 0.24913 49
