1766751647759 3.1128 0
1766751652734 3.32463 1
1766751653546 2.91527 2
1766751654512 2.54494 3
1766751655369 2.04587 4
1766751656145 1.80936 5
1766751656908 1.62907 6
1766751657658 1.37261 7
1766751658398 1.2664 8
1766751659236 1.13844 9
1766751660271 1.31757 10
1766751661109 1.33644 11
1766751661823 1.20723 12
1766751662581 1.18665 13
1766751663290 1.50126 14
1766751664036 1.87586 15
1766751664819 1.41341 16
1766751665651 1.42532 17
1766751666374 1.25539 18
1766751667143 1.35942 19
1766751667923 1.1414 20
1766751668655 1.34699 21
1766751669420 1.3407 22
1766751670166 1.17166 23
1766751670932 1.33172 24
1766751671745 1.11559 25
1766751672340 1.23857 26
1766751673286 1.10596 27
1766751674198 1.0862 28
1766751674887 1.14264 29
1766751675609 1.05423 30
1766751676309 1.06892 31
1766751677111 1.03652 32
1766751677900 1.00447 33
1766751678636 1.06784 34
1766751679327 1.16963 35
1766751680076 1.10133 36
1766751680993 1.00555 37
1766751681869 1.04178 38
1766751682620 0.92608 39
1766751685922 1.23251 40
1766751686984 1.25377 41
1766751688135 1.22822 42
1766751688907 1.24782 43
1766751689726 1.17348 44
1766751690477 1.19137 45
1766751691313 1.17239 46
1766751692126 1.18808 47
1766751692901 1.21411 48
1766751693678 1.15422 49
