1766751647759 0.96266 0
1766751652734 0.95367 1
1766751653546 0.89961 2
1766751654512 1.00134 3
1766751655369 1.00497 4
1766751656145 0.98546 5
1766751656908 1.09369 6
1766751657658 0.90932 7
1766751658398 0.91171 8
1766751659236 0.91778 9
1766751660271 0.9701 10
1766751661109 0.9383 11
1766751661823 0.90414 12
1766751662581 0.96878 13
1766751663290 0.92013 14
1766751664036 0.98033 15
1766751664819 0.96812 16
1766751665651 0.98373 17
1766751666374 0.95285 18
1766751667143 1.03704 19
1766751667923 0.91811 20
1766751668655 1.05809 21
1766751669420 1.00012 22
1766751670166 0.88584 23
1766751670932 0.98057 24
1766751671745 0.87831 25
1766751672340 0.93984 26
1766751673286 1.00402 27
1766751674198 0.93941 28
1766751674887 0.98526 29
1766751675609 0.96914 30
1766751676309 0.91546 31
1766751677111 0.96325 32
1766751677900 0.92646 33
1766751678636 0.91352 34
1766751679327 0.89297 35
1766751680076 0.91536 36
1766751680993 0.9531 37
1766751681869 0.96906 38
1766751682620 0.87971 39
1766751685922 0.7931 40
1766751686984 0.86252 41
1766751688135 0.827 42
1766751688907 0.80492 43
1766751689726 0.7797 44
1766751690477 0.79603 45
1766751691313 0.78872 46
1766751692126 0.74859 47
1766751692901 0.82912 48
1766751693678 0.78504 49
