1766752353331 6.000000000000001e-05 0
1766752355264 0.000137228 1
1766752356017 0.000211288 2
1766752357497 0.00028218 3
1766752358270 0.000349904 4
1766752358972 0.00041446 5
1766752359711 0.00047584799999999996 6
1766752360445 0.0005340680000000001 7
1766752361143 0.00058912 8
1766752361898 0.0006410040000000001 9
1766752362590 0.0006897200000000001 10
1766752363306 0.0007352680000000001 11
1766752364002 0.000777648 12
1766752364666 0.0008168600000000001 13
1766752365363 0.000852904 14
1766752366009 0.00088578 15
1766752366717 0.0009154879999999999 16
1766752367659 0.0009420279999999998 17
1766752368493 0.0009654000000000002 18
1766752369887 0.000985604 19
1766752370868 0.0010026400000000002 20
1766752371468 0.0010165080000000002 21
1766752372189 0.0010272080000000002 22
1766752373142 0.0010347400000000001 23
1766752373834 0.0010391040000000001 24
1766752374933 0.00101 25
1766752375445 0.0009704 26
1766752376278 0.0009308 27
1766752376944 0.0008911999999999999 28
1766752377632 0.0008516000000000001 29
1766752378516 0.0008120000000000001 30
1766752379038 0.0007724 31
1766752380027 0.0007328 32
1766752380843 0.0006931999999999999 33
1766752381816 0.0006536 34
1766752382753 0.0006140000000000001 35
1766752383466 0.0005744000000000001 36
1766752384157 0.0005348000000000001 37
1766752384884 0.0004952 38
1766752385555 0.00045559999999999996 39
1766752388323 0.0004159999999999999 40
1766752389285 0.00037640000000000015 41
1766752390106 0.0003368000000000001 42
1766752390881 0.0002972 43
1766752391689 0.00025760000000000003 44
1766752392521 0.00021799999999999996 45
1766752393538 0.00017839999999999992 46
1766752394241 0.0001388000000000001 47
1766752394984 9.920000000000008e-05 48
1766752395719 5.9600000000000046e-05 49
