1766756821539 0.47483 0
1766756825470 0.55143 1
1766756826313 0.4526 2
1766756827128 0.65291 3
1766756828061 0.5068 4
1766756828895 0.56483 5
1766756829922 0.69574 6
1766756830810 0.52027 7
1766756831695 0.54751 8
1766756832504 0.53044 9
1766756833574 0.55238 10
1766756834366 0.55134 11
1766756835149 0.50462 12
1766756835900 0.55394 13
1766756836616 0.53984 14
1766756837368 0.55072 15
1766756838085 0.6273 16
1766756838773 0.56398 17
1766756839570 0.56024 18
1766756840276 0.66158 19
1766756840983 0.48476 20
1766756841648 0.63648 21
1766756842558 0.57501 22
1766756843260 0.4745 23
1766756844029 0.58214 24
1766756844790 0.48801 25
1766756845599 0.52428 26
1766756846302 0.58567 27
1766756847062 0.53899 28
1766756847758 0.54884 29
1766756848483 0.46639 30
1766756849232 0.43326 31
1766756849848 0.55133 32
1766756850592 0.4333 33
1766756851517 0.49341 34
1766756852217 0.47609 35
1766756852980 0.45252 36
1766756853824 0.48001 37
1766756854632 0.47084 38
1766756855446 0.44477 39
1766756858531 0.33057 40
1766756859398 0.35027 41
1766756860416 0.29997 42
1766756861234 0.33228 43
1766756862054 0.28741 44
1766756862832 0.30169 45
1766756863899 0.28375 46
1766756864621 0.26694 47
1766756865452 0.31339 48
1766756866176 0.24913 49
