1766756821539 3.1128 0
1766756825470 3.32463 1
1766756826313 2.91527 2
1766756827128 2.54494 3
1766756828061 2.04587 4
1766756828895 1.80936 5
1766756829922 1.62907 6
1766756830810 1.37261 7
1766756831695 1.2664 8
1766756832504 1.13844 9
1766756833574 1.31757 10
1766756834366 1.33644 11
1766756835149 1.20723 12
1766756835900 1.18665 13
1766756836616 1.50126 14
1766756837368 1.87586 15
1766756838085 1.41341 16
1766756838773 1.42532 17
1766756839570 1.25539 18
1766756840276 1.35942 19
1766756840983 1.1414 20
1766756841648 1.34699 21
1766756842558 1.3407 22
1766756843260 1.17166 23
1766756844029 1.33172 24
1766756844790 1.11559 25
1766756845599 1.23857 26
1766756846302 1.10596 27
1766756847062 1.0862 28
1766756847758 1.14264 29
1766756848483 1.05423 30
1766756849232 1.06892 31
1766756849848 1.03652 32
1766756850592 1.00447 33
1766756851517 1.06784 34
1766756852217 1.16963 35
1766756852980 1.10133 36
1766756853824 1.00555 37
1766756854632 1.04178 38
1766756855446 0.92608 39
1766756858531 1.23251 40
1766756859398 1.25377 41
1766756860416 1.22822 42
1766756861234 1.24782 43
1766756862054 1.17348 44
1766756862832 1.19137 45
1766756863899 1.17239 46
1766756864621 1.18808 47
1766756865452 1.21411 48
1766756866176 1.15422 49
