1766756821539 0.96266 0
1766756825470 0.95367 1
1766756826313 0.89961 2
1766756827128 1.00134 3
1766756828061 1.00497 4
1766756828895 0.98546 5
1766756829922 1.09369 6
1766756830810 0.90932 7
1766756831695 0.91171 8
1766756832504 0.91778 9
1766756833574 0.9701 10
1766756834366 0.9383 11
1766756835149 0.90414 12
1766756835900 0.96878 13
1766756836616 0.92013 14
1766756837368 0.98033 15
1766756838085 0.96812 16
1766756838773 0.98373 17
1766756839570 0.95285 18
1766756840276 1.03704 19
1766756840983 0.91811 20
1766756841648 1.05809 21
1766756842558 1.00012 22
1766756843260 0.88584 23
1766756844029 0.98057 24
1766756844790 0.87831 25
1766756845599 0.93984 26
1766756846302 1.00402 27
1766756847062 0.93941 28
1766756847758 0.98526 29
1766756848483 0.96914 30
1766756849232 0.91546 31
1766756849848 0.96325 32
1766756850592 0.92646 33
1766756851517 0.91352 34
1766756852217 0.89297 35
1766756852980 0.91536 36
1766756853824 0.9531 37
1766756854632 0.96906 38
1766756855446 0.87971 39
1766756858531 0.7931 40
1766756859398 0.86252 41
1766756860416 0.827 42
1766756861234 0.80492 43
1766756862054 0.7797 44
1766756862832 0.79603 45
1766756863899 0.78872 46
1766756864621 0.74859 47
1766756865452 0.82912 48
1766756866176 0.78504 49
